 8000  0000  0010  0241  0542  0051  0050  0050  0052  0051  0052  0052  0050  0051  0052  0052  0052  0050  0050  0050  0052  0052  0052  0052  0050  0050  0050  0051  0051  0050  0051  0051 
 0052  0052  0052  0052  0052  0052  0051  0050  0051  0050  0051  0050  0050  0050  0050  0051  0052  0050  0050  0050  0051  0052  0052  0052  0050  0051  0052  0051  0052  0050  0050  0051 
 0050  0052  0050  0050  0051  0052  0050  0051  0050  0051  0052  0051  0052  0050  0051  0050  0050  0050  0052  0052  0050  0052  0052  0052  0050  0051  0051  0051  0051  0052  0051  0050 
 0050  0052  0051  0051  0050  0052  0051  0052  0051  0051  0052  0050  0050  0050  0050  0050  0051  0050  0052  0051  0050  0051  0050  0051  0052  0052  0050  0050  0051  0052  0052  0052 
 0052  0051  0221  0201  0541  0051  0052  0050  0052  0052  0050  0050  0050  0050  0052  0050  0050  0050  0052  0051  0051  0050  0052  0050  0051  0050  0051  0051  0050  0050  0052  0051 
 0052  0052  0052  0051  0050  0051  0051  0050  0051  0050  0052  0051  0052  0050  0051  0051  0051  0052  0050  0051  0052  0052  0050  0050  0050  0052  0051  0050  0051  0052  0051  0051 
 0052  0052  0052  0052  0051  0052  0050  0052  0052  0050  0051  0052  0052  0051  0050  0052  0050  0050  0051  0050  0050  0052  0051  0052  0050  0051  0051  0050  0052  0050  0050  0051 
 0051  0051  0050  0051  0050  0050  0051  0052  0050  0051  0050  0052  0051  0050  0051  0050  0052  0050  0050  0051  0050  0051  0050  0051  0051  0051  0050  0052  0052  0052  0052  0051 
 0052  0052  0520  0521  0500  0052  0052  0050  0050  0050  0051  0051  0050  0052  0050  0050  0050  0050  0051  0052  0051  0050  0050  0050  0050  0051  0050  0051  0050  0052  0050  0050 
 0051  0052  0050  0051  0051  0051  0052  0051  0052  0050  0051  0050  0050  0050  0050  0052  0052  0050  0051  0050  0051  0052  0052  0051  0050  0052  0052  0050  0051  0052  0052  0050 
 0052  0050  0050  0050  0052  0050  0052  0050  0052  0051  0052  0051  0051  0052  0052  0050  0051  0050  0051  0052  0051  0052  0050  0052  0051  0050  0050  0052  0050  0052  0050  0050 
 0052  0052  0052  0051  0052  0051  0052  0051  0051  0050  0052  0051  0052  0050  0050  0052  0052  0050  0052  0050  0050  0050  0052  0050  0051  0050  0050  0051  0051  0052  0051  0052 
 0052  0051  0050  0051  0052  0052  0051  0052  0052  0051  0052  0051  0050  0052  0050  0050  0052  0051  0052  0052  0052  0051  0050  0050  0052  0052  0051  0050  0051  0051  0050  0050 
 0050  0052  0051  0051  0050  0052  0050  0050  0051  0050  0052  0050  0050  0052  0051  0051  0050  0052  0052  0050  0052  0050  0052  0051  0051  0052  0052  0052  0051  0051  0052  0050 
 0050  0052  0052  0051  0052  0052  0050  0052  0052  0052  0052  0051  0052  0052  0052  0052  0050  0052  0051  0052  0051  0050  0050  0052  0051  0051  0051  0050  0052  0051  0050  0051 
 0052  0052  0050  0051  0051  0050  0050  0051  0050  0050  0052  0051  0050  0051  0050  0051  0050  0052  0050  0052  0051  0051  0051  0050  0051  0050  0051  0050  0052  0052  0052  0052 
 0050  0052  0052  0051  0051  0050  0051  0051  0051  0050  0052  0052  0052  0052  0052  0052  0051  0052  0050  0051  0050  0052  0050  0052  0051  0050  0050  0050  0051  0050  0051  0052 
 0051  0051  0051  0051  0052  0051  0052  0052  0051  0051  0052  0050  0052  0052  0051  0050  0050  0050  0051  0051  0052  0052  0051  0051  0052  0051  0051  0052  0051  0051  0050  0051 
 0050  0050  0052  0052  0050  0050  0050  0051  0051  0052  0050  0050  0052  0052  0052  0052  0051  0050  0051  0050  0051  0050  0052  0050  0052  0050  0051  0050  0050  0050  0050  0050 
 0052  0052  0051  0050  0052  0051  0051  0052  0050  0052  0051  0052  0051  0051  0052  0051  0052  0051  0051  0050  0050  0051  0051  0052  0052  0052  0050  0050  0051  0050  0050  0050 
 0051  0051  0052  0051  0052  0050  0052  0050  0050  0051  0050  0052  0051  0051  0050  0051  0050  0051  0050  0052  0052  0051  0052  0051  0052  0051  0051  0051  0052  0052  0051  0050 
 0050  0052  0052  0051  0051  0050  0050  0050  0051  0050  0052  0050  0050  0052  0051  0050  0052  0051  0050  0052  0052  0050  0052  0050  0051  0050  0050  0050  0050  0052  0050  0050 
 0051  0052  0050  0051  0051  0051  0051  0051  0051  0051  0052  0052  0052  0050  0050  0052  0050  0050  0050  0050  0052  0051  0050  0052  0050  0052  0050  0052  0050  0051  0052  0050 
 0051  0052  0050  0051  0052  0051  0051  0052  0050  0050  0052  0052  0050  0050  0050  0050  0051  0050  0051  0052  0050  0050  0050  0051  0051  0051  0051  0052  0050  0050  0051  0050 
 0051  0051  0050  0052  0052  0052  0051  0052  0050  0052  0050  0051  0050  0052  0050  0051  0051  0050  0052  0051  0051  0050  0051  0052  0051  0052  0050  0050  0052  0050  0052  0052 
 0052  0050  0050  0050  0052  0051  0051  0052  0051  0050  0051  0051  0051  0051  0052  0052  0052  0052  0052  0050  0050  0050  0051  0051  0050  0052  0052  0051  0052  0052  0052  0051 
 0052  0050  0051  0052  0051  0052  0052  0051  0050  0052  0051  0050  0051  0052  0052  0052  0051  0052  0050  0051  0051  0051  0052  0051  0050  0051  0051  0051  0051  0051  0051  0051 
 0050  0050  0052  0052  0052  0052  0050  0052  0052  0052  0052  0050  0052  0050  0050  0051  0051  0050  0050  0050  0050  0050  0051  0050  0050  0051  0052  0052  0050  0050  0050  0050 
 0051  0051  0051  0051  0051  0050  0052  0052  0051  0052  0051  0051  0051  0052  0052  0050  0051  0050  0050  0050  0052  0051  0052  0052  0051  0051  0050  0050  0050  0052  0051  0051 
 0050  0051  0052  0052  0052  0050  0050  0052  0052  0050  0052  0050  0050  0051  0051  0051  0051  0051  0050  0050  0052  0050  0050  0051  0051  0050  0052  0051  0050  0050  0052  0052 
 0050  0050  0052  0052  0052  0052  0052  0050  0050  0051  0052  0050  0051  0050  0050  0051  0052  0051  0051  0050  0051  0051  0051  0052  0052  0051  0051  0050  0050  0052  0052  0051 
 0052  0050  0052  0052  0051  0050  0051  0052  0052  0050  0050  0052  0052  0052  0051  0051  0051  0051  0052  0050  0051  0051  0051  0051  0051  0052  0052  0051  0052  0051  0051  0052 
