 8000  0000  0010  0240  0542  0051  0050  0050  0052  0051  0052  0052  0050  0051  0052  0052  0052  0050  0050  0050  0052  0052  0052  0052  0050  0050  0050  0051  0051  0050  0051  0592 
 0291  0010  0240  0540  0052  0052  0051  0050  0051  0050  0051  0050  0050  0050  0050  0051  0052  0050  0050  0050  0051  0052  0052  0052  0050  0051  0052  0051  0052  0050  0050  0051 
 0050  0052  0050  0050  0051  0052  0050  0051  0050  0051  0052  0051  0052  0050  0051  0050  0050  0050  0052  0052  0050  0052  0052  0052  0050  0051  0051  0051  0051  0052  0051  0050 
 0050  0052  0051  0051  0050  0052  0051  0052  0051  0051  0052  0050  0050  0050  0050  0050  0051  0050  0052  0051  0050  0051  0050  0051  0052  0052  0050  0050  0051  0052  0052  0052 
 0052  0051  0222  0201  0540  0051  0052  0050  0052  0052  0050  0050  0050  0050  0052  0050  0050  0050  0052  0051  0051  0050  0052  0050  0051  0050  0051  0051  0050  0050  0052  0591 
 0211  0220  0200  0542  0050  0051  0051  0050  0051  0050  0052  0051  0052  0050  0051  0051  0051  0052  0050  0051  0052  0052  0050  0050  0050  0052  0051  0050  0051  0052  0051  0051 
 0052  0052  0052  0052  0051  0052  0050  0052  0052  0050  0051  0052  0052  0051  0050  0052  0050  0050  0051  0050  0050  0052  0051  0052  0050  0051  0051  0050  0052  0050  0050  0051 
 0051  0051  0050  0051  0050  0050  0051  0052  0050  0051  0050  0052  0051  0050  0051  0050  0052  0050  0050  0051  0050  0051  0050  0051  0051  0051  0050  0052  0052  0052  0052  0051 
 0052  0052  0520  0521  0501  0052  0052  0050  0050  0050  0051  0051  0050  0052  0050  0050  0050  0050  0051  0052  0051  0050  0050  0050  0050  0051  0050  0051  0050  0052  0050  0510 
 0521  0522  0521  0501  0051  0051  0052  0051  0052  0050  0051  0050  0050  0050  0050  0052  0052  0050  0051  0050  0051  0052  0052  0051  0050  0052  0052  0050  0051  0052  0052  0050 
 0052  0050  0050  0050  0052  0050  0052  0050  0052  0051  0052  0051  0051  0052  0052  0050  0051  0050  0051  0052  0051  0052  0050  0052  0051  0050  0050  0052  0050  0052  0050  0050 
 0052  0052  0052  0051  0052  0051  0052  0051  0051  0050  0052  0051  0052  0050  0050  0052  0052  0050  0052  0050  0050  0050  0052  0050  0051  0050  0050  0051  0051  0052  0051  0052 
 0052  0051  0050  0051  0052  0052  0051  0052  0052  0051  0052  0051  0050  0052  0050  0050  0052  0051  0052  0052  0052  0051  0050  0050  0052  0052  0051  0050  0051  0051  0050  0050 
 0050  0052  0051  0051  0050  0052  0050  0050  0051  0050  0052  0050  0050  0052  0051  0051  0050  0052  0052  0050  0052  0050  0052  0051  0051  0052  0052  0052  0051  0051  0052  0050 
 0050  0052  0052  0051  0052  0052  0050  0052  0052  0052  0052  0051  0052  0052  0052  0052  0050  0052  0051  0052  0051  0050  0050  0052  0051  0051  0051  0050  0052  0051  0050  0051 
 0052  0052  0050  0051  0051  0050  0050  0051  0050  0050  0052  0051  0050  0051  0050  0051  0050  0052  0050  0052  0051  0051  0051  0050  0051  0050  0051  0050  0052  0052  0052  0052 
 0050  0052  0052  0051  0051  0050  0051  0051  0051  0050  0052  0052  0052  0052  0052  0052  0051  0052  0050  0051  0050  0052  0050  0052  0051  0050  0050  0050  0051  0050  0051  0052 
 0051  0051  0051  0051  0052  0051  0052  0052  0051  0051  0052  0050  0052  0052  0051  0050  0050  0050  0051  0051  0052  0052  0051  0051  0052  0051  0051  0052  0051  0051  0050  0051 
 0050  0050  0052  0052  0050  0050  0050  0051  0051  0052  0050  0050  0052  0052  0052  0052  0051  0050  0051  0050  0051  0050  0052  0050  0052  0050  0051  0050  0050  0050  0050  0050 
 0052  0052  0051  0050  0052  0051  0051  0052  0050  0052  0051  0052  0051  0051  0052  0051  0052  0051  0051  0050  0050  0051  0051  0052  0052  0052  0050  0050  0051  0050  0050  0050 
 0051  0051  0052  0051  0052  0050  0052  0050  0050  0051  0050  0052  0051  0051  0050  0051  0050  0051  0050  0052  0052  0051  0052  0051  0052  0051  0051  0051  0052  0052  0051  0050 
 0050  0052  0052  0051  0051  0050  0050  0050  0051  0050  0052  0050  0050  0052  0051  0050  0052  0051  0050  0052  0052  0050  0052  0050  0051  0050  0050  0050  0050  0052  0050  0050 
 0051  0052  0050  0051  0051  0051  0051  0051  0051  0051  0052  0052  0052  0050  0050  0052  0050  0050  0050  0050  0052  0051  0050  0052  0050  0052  0050  0052  0050  0051  0052  0050 
 0051  0052  0050  0051  0052  0051  0051  0052  0050  0050  0052  0052  0050  0050  0050  0050  0051  0050  0051  0052  0050  0050  0050  0051  0051  0051  0051  0052  0050  0050  0051  0050 
 0051  0051  0050  0052  0052  0052  0051  0052  0050  0052  0050  0051  0050  0052  0050  0051  0051  0050  0052  0051  0051  0050  0051  0052  0051  0052  0050  0050  0052  0050  0052  0052 
 0052  0050  0050  0050  0052  0051  0051  0052  0051  0050  0051  0051  0051  0051  0052  0052  0052  0052  0052  0050  0050  0050  0051  0051  0050  0052  0052  0051  0052  0052  0052  0051 
 0052  0050  0051  0052  0051  0052  0052  0051  0050  0052  0051  0050  0051  0052  0052  0052  0051  0052  0050  0051  0051  0051  0052  0051  0050  0051  0051  0051  0051  0051  0051  0051 
 0050  0050  0052  0052  0052  0052  0050  0052  0052  0052  0052  0050  0052  0050  0050  0051  0051  0050  0050  0050  0050  0050  0051  0050  0050  0051  0052  0052  0050  0050  0050  0050 
 0051  0051  0051  0051  0051  0050  0052  0052  0051  0052  0051  0051  0051  0052  0052  0050  0051  0050  0050  0050  0052  0051  0052  0052  0051  0051  0050  0050  0050  0052  0051  0051 
 0050  0051  0052  0052  0052  0050  0050  0052  0052  0050  0052  0050  0050  0051  0051  0051  0051  0051  0050  0050  0052  0050  0050  0051  0051  0050  0052  0051  0050  0050  0052  0052 
 0050  0050  0052  0052  0052  0052  0052  0050  0050  0051  0052  0050  0051  0050  0050  0051  0052  0051  0051  0050  0051  0051  0051  0052  0052  0051  0051  0050  0050  0052  0052  0051 
 0052  0050  0052  0052  0051  0050  0051  0052  0052  0050  0050  0052  0052  0052  0051  0051  0051  0051  0052  0050  0051  0051  0051  0051  0051  0052  0052  0051  0052  0051  0051  0052 
