 0800  0000  0052  0050  0051  0052  0050  0051  0050  0050  0052  0052  0052  0050  0052  0051  0052  0051  0051  0050  0051  0051  0050  0050  0050  0052  0051  0050  0052  0051  0052  0051 
 0052  0052  0050  0052  0052  0052  0052  0050  0050  0051  0051  0051  0050  0050  0052  0050  0050  0051  0050  0052  0050  0050  0052  0050  0050  0051  0050  0052  0052  0050  0050  0050 
 0051  0050  0050  0051  0571  05b2  05b2  05b2  05b2  05b0  0531  0051  0052  0051  0052  0051  0052  0051  0052  0052  0051  0051  0051  0051  0052  0050  0050  0050  0051  0050  0052  0052 
 0050  0050  0052  0050  0591  0270  02b1  02b2  02b2  0230  0542  0051  0050  0050  0050  0052  0052  0052  0052  0050  0050  0052  0052  0051  0051  0052  0052  0050  0050  0052  0052  0052 
 0052  0052  0050  0050  0592  0290  0171  01b0  0130  0242  0540  0052  0050  0050  0050  0050  0051  0051  0051  0051  0050  0052  0052  0052  0052  0050  0050  0052  0052  0051  0050  0052 
 0051  0051  0050  0052  0591  0292  0191  0020  0141  0241  0542  0051  0052  0051  0052  0050  0051  0052  0051  0050  0052  0052  0052  0051  0051  0052  0050  0051  0051  0050  0052  0050 
 0051  0051  0051  0051  0591  0291  0110  0120  0101  0240  0541  0052  0051  0052  0050  0050  0051  0051  0052  0051  0052  0050  0052  0052  0050  0050  0052  0051  0051  0052  0050  0052 
 0052  0052  0052  0051  0590  0210  0221  0221  0220  0200  0540  0051  0052  0051  0050  0052  0051  0051  0050  0051  0052  0051  0051  0051  0051  0050  0052  0050  0050  0050  0050  0051 
 0052  0052  0052  0051  0510  0520  0520  0522  0520  0521  0500  0050  0050  0052  0051  0051  0050  0050  0050  0050  0052  0052  0050  0052  0052  0050  0052  0051  0050  0050  0051  0052 
 0052  0052  0050  0050  0052  0052  0051  0051  0051  0052  0050  0050  0052  0051  0050  0050  0050  0052  0051  0052  0051  0050  0051  0050  0051  0051  0052  0051  0050  0050  0052  0051 
 0052  0050  0052  0051  0050  0051  0050  0050  0050  0051  0052  0050  0050  0052  0052  0051  0051  0050  0051  0050  0050  0052  0052  0050  0051  0050  0051  0052  0051  0050  0050  0052 
 0052  0051  0050  0051  0052  0050  0051  0050  0050  0050  0050  0050  0050  0051  0052  0051  0050  0052  0050  0051  0052  0051  0052  0052  0051  0051  0052  0051  0052  0052  0051  0052 
 0050  0052  0051  0050  0051  0052  0050  0050  0052  0051  0052  0050  0050  0051  0050  0050  0051  0050  0052  0052  0050  0050  0050  0052  0050  0052  0051  0052  0051  0050  0051  0052 
 0050  0050  0051  0050  0050  0051  0052  0052  0052  0050  0051  0051  0051  0051  0050  0050  0052  0050  0051  0050  0052  0051  0050  0050  0050  0050  0051  0051  0050  0052  0052  0050 
 0050  0051  0051  0051  0051  0052  0052  0050  0050  0050  0051  0051  0051  0050  0051  0052  0051  0052  0050  0051  0052  0050  0052  0052  0052  0052  0051  0051  0051  0050  0050  0050 
 0050  0052  0050  0052  0052  0050  0051  0051  0052  0051  0051  0052  0052  0052  0050  0052  0052  0051  0050  0051  0052  0052  0051  0051  0051  0052  0052  0050  0051  0050  0050  0050 
 0051  0051  0051  0051  0050  0050  0052  0050  0050  0052  0052  0050  0050  0052  0052  0050  0050  0050  0052  0052  0050  0052  0050  0052  0052  0050  0052  0051  0052  0050  0052  0050 
 0050  0050  0050  0051  0052  0050  0051  0052  0050  0051  0050  0052  0051  0051  0051  0050  0051  0051  0050  0052  0051  0052  0051  0050  0050  0052  0052  0052  0052  0052  0052  0052 
 0052  0052  0052  0051  0051  0050  0052  0051  0050  0052  0050  0052  0050  0051  0051  0050  0050  0050  0050  0052  0052  0052  0050  0050  0050  0052  0050  0050  0050  0052  0050  0052 
 0052  0052  0050  0051  0050  0051  0051  0050  0050  0052  0051  0052  0051  0052  0051  0051  0052  0050  0052  0052  0050  0051  0050  0050  0050  0052  0051  0050  0051  0052  0052  0051 
 0050  0051  0050  0050  0052  0050  0051  0051  0050  0051  0050  0051  0051  0052  0051  0052  0051  0052  0050  0052  0050  0050  0050  0052  0051  0051  0051  0051  0050  0052  0050  0051 
 0050  0052  0050  0050  0051  0050  0052  0050  0051  0052  0052  0052  0050  0052  0050  0052  0051  0052  0052  0051  0052  0051  0052  0051  0052  0052  0051  0052  0050  0051  0052  0052 
 0050  0052  0052  0051  0050  0052  0052  0050  0051  0051  0052  0051  0051  0050  0051  0051  0050  0052  0052  0051  0051  0050  0051  0051  0052  0051  0050  0050  0050  0052  0051  0050 
 0051  0051  0052  0052  0052  0052  0051  0052  0050  0050  0050  0051  0050  0052  0052  0052  0050  0052  0051  0051  0051  0051  0050  0050  0050  0052  0052  0050  0050  0050  0050  0052 
 0052  0052  0051  0050  0052  0050  0052  0050  0052  0050  0051  0051  0051  0050  0051  0052  0050  0050  0052  0051  0051  0050  0052  0050  0051  0052  0051  0050  0051  0050  0052  0050 
 0051  0052  0052  0050  0050  0050  0050  0052  0051  0051  0052  0052  0052  0052  0050  0050  0051  0050  0050  0051  0050  0050  0052  0050  0052  0050  0050  0051  0051  0051  0050  0051 
 0051  0050  0051  0052  0052  0050  0051  0050  0050  0052  0050  0050  0050  0051  0052  0052  0052  0052  0052  0052  0051  0052  0051  0050  0050  0050  0052  0051  0052  0051  0050  0052 
 0051  0051  0050  0050  0050  0051  0052  0052  0052  0052  0051  0051  0052  0052  0051  0050  0052  0050  0051  0051  0050  0051  0050  0052  0051  0050  0052  0050  0051  0050  0052  0052 
 0051  0051  0051  0051  0050  0050  0051  0051  0052  0050  0051  0051  0051  0051  0052  0051  0052  0050  0050  0051  0050  0050  0051  0050  0051  0050  0051  0051  0050  0050  0052  0051 
 0050  0051  0052  0052  0050  0051  0052  0052  0052  0051  0051  0051  0050  0050  0050  0051  0052  0051  0051  0050  0051  0050  0052  0052  0052  0052  0051  0051  0052  0051  0052  0051 
 0051  0052  0052  0052  0051  0051  0050  0051  0051  0051  0052  0051  0051  0051  0051  0052  0050  0050  0051  0052  0052  0051  0052  0050  0050  0051  0051  0050  0052  0052  0052  0051 
 0051  0050  0051  0052  0051  0052  0051  0050  0052  0050  0052  0051  0051  0050  0051  0052  0051  0052  0050  0051  0050  0052  0052  0052  0050  0050  0052  0050  0050  0052  0050  0051 
