  0,    70
  1,    70
  2,    69
  3,    69
  4,    69
  5,    69
  6,    69
  7,    68
  8,    68
  9,    68
 10,    68
 11,    67
 12,    67
 13,    67
 14,    67
 15,    67
 16,    66
 17,    66
 18,    66
 19,    66
 20,    66
 21,    65
 22,    65
 23,    65
 24,    65
 25,    64
 26,    64
 27,    64
 28,    64
 29,    64
 30,    63
 31,    63
 32,    63
 33,    63
 34,    62
 35,    62
 36,    62
 37,    62
 38,    62
 39,    61
 40,    61
 41,    61
 42,    61
 43,    60
 44,    60
 45,    60
 46,    60
 47,    60
 48,    59
 49,    59
 50,    59
 51,    59
 52,    58
 53,    58
 54,    58
 55,    58
 56,    58
 57,    57
 58,    57
 59,    57
 60,    57
 61,    56
 62,    56
 63,    56
 64,    56
 65,    56
 66,    55
 67,    55
 68,    55
 69,    55
 70,    55
 71,    54
 72,    54
 73,    54
 74,    54
 75,    53
 76,    53
 77,    53
 78,    53
 79,    53
 80,    52
 81,    52
 82,    52
 83,    52
 84,    51
 85,    51
 86,    51
 87,    51
 88,    51
 89,    50
 90,    50
 91,    50
 92,    50
 93,    49
 94,    49
 95,    49
 96,    49
 97,    49
 98,    48
 99,    48
100,    48
101,    48
102,    47
103,    47
104,    47
105,    47
106,    47
107,    46
108,    46
109,    46
110,    46
111,    45
112,    45
113,    45
114,    45
115,    45
116,    44
117,    44
118,    44
119,    44
120,    44
121,    43
122,    43
123,    43
124,    43
125,    43
126,    43
127,    43
128,    43
129,    43
130,    43
131,    43
132,    43
133,    43
134,    43
135,    43
136,    43
137,    43
138,    43
139,    43
140,    43
141,    43
142,    43
143,    43
144,    43
145,    43
146,    43
147,    43
148,    43
149,    43
150,    43
151,    43
152,    43
153,    43
154,    43
155,    43
156,    43
157,    43
158,    43
159,    43
160,    43
161,    43
162,    43
163,    43
164,    43
165,    43
166,    43
167,    43
168,    43
169,    43
170,    43
171,    43
172,    43
173,    43
174,    43
175,    43
176,    43
177,    43
178,    43
179,    43
180,    43
181,    43
182,    43
183,    43
184,    43
185,    43
186,    43
187,    43
188,    43
189,    43
190,    43
191,    43
192,    43
193,    43
194,    43
195,    43
196,    43
197,    43
198,    43
199,    43
200,    43
201,    43
202,    43
203,    43
204,    43
205,    43
206,    43
207,    43
208,    43
209,    43
210,    43
211,    43
212,    43
213,    43
214,    43
215,    43
216,    43
217,    43
218,    43
219,    43
220,    43
221,    43
222,    43
223,    43
224,    43
225,    43
226,    43
227,    43
228,    43
229,    43
230,    43
231,    43
232,    43
233,    43
234,    43
235,    43
236,    43
237,    43
238,    43
239,    43
240,    43
241,    43
242,    43
243,    43
244,    43
245,    43
246,    43
247,    43
248,    43
249,    43
250,    43
251,    43
252,    43
253,    43
254,    43
255,    43
256,    43
257,    43
258,    43
259,    43
260,    43
261,    43
262,    43
263,    43
264,    43
265,    43
266,    43
267,    43
268,    43
269,    43
270,    43
271,    43
272,    43
273,    43
274,    43
275,    43
276,    43
277,    43
278,    43
279,    43
280,    43
281,    43
282,    43
283,    43
284,    43
285,    43
286,    43
287,    43
288,    43
289,    43
290,    43
291,    43
292,    43
293,    43
294,    43
295,    43
296,    43
297,    43
298,    43
299,    43
300,    43
301,    43
302,    43
303,    43
304,    43
305,    43
306,    43
307,    43
308,    43
309,    43
310,    43
311,    43
312,    43
313,    43
314,    43
315,    43
316,    43
317,    43
318,    43
319,    43
320,    43
321,    43
322,    43
323,    43
324,    43
325,    43
326,    43
327,    43
328,    43
329,    43
330,    43
331,    43
332,    43
333,    43
334,    43
335,    43
336,    43
337,    43
338,    43
339,    43
340,    43
341,    43
342,    43
343,    43
344,    43
345,    43
346,    43
347,    43
348,    43
349,    43
350,    43
351,    43
352,    43
353,    43
354,    43
355,    43
356,    43
357,    43
358,    43
359,    43
360,    43
361,    43
362,    43
363,    43
364,    43
365,    43
366,    43
367,    43
368,    43
369,    43
370,    43
371,    43
372,    43
373,    43
374,    43
375,    43
376,    43
377,    43
378,    43
379,    43
380,    43
381,    43
382,    43
383,    43
384,    43
385,    43
386,    43
387,    43
388,    43
389,    43
390,    43
391,    43
392,    43
393,    43
394,    43
395,    43
396,    43
397,    43
398,    43
399,    43
400,    43
401,    43
402,    43
403,    43
404,    43
405,    43
406,    43
407,    43
408,    43
409,    43
410,    43
411,    43
412,    43
413,    43
414,    43
415,    43
416,    43
417,    43
418,    43
419,    43
420,    43
421,    43
422,    43
423,    43
424,    43
425,    43
426,    43
427,    43
428,    43
429,    43
430,    43
431,    43
432,    43
433,    43
434,    43
435,    43
436,    43
437,    43
438,    43
439,    43
440,    43
441,    43
442,   241
443,   243
444,   245
445,   247
446,   249
447,   251
448,   253
449,   255
450,   257
451,   259
452,   261
453,   263
454,   265
455,   267
456,   269
457,   271
458,   273
459,   275
460,   277
461,   279
462,   281
463,   283
464,   285
465,   287
466,   289
467,   291
468,   293
469,   295
470,   297
471,   298
472,   300
473,   302
474,   304
475,   306
476,   308
477,   310
478,   312
479,   314
480,   316
481,   318
482,   320
483,   322
484,   324
485,   326
486,   328
487,   330
488,   332
489,   334
490,   336
491,   338
492,   340
493,   342
494,   344
495,   346
496,   348
497,   350
498,   352
499,   354
500,   356
501,   358
502,   360
503,   362
504,   364
505,   366
506,   368
507,   370
508,   372
509,   374
510,   376
511,   378
512,   380
513,   382
514,   384
515,   386
516,   388
517,   390
518,   392
519,   394
520,   396
521,   397
522,   399
523,   401
524,   403
525,   405
526,   407
527,   409
528,   411
529,   413
530,   415
531,   417
532,   419
533,   421
534,   423
535,   425
536,   427
537,   429
538,   431
539,   433
540,   435
541,   437
542,   439
543,   441
544,   443
545,   445
546,   447
547,   449
548,   451
549,   453
550,   455
551,   457
552,   459
553,   461
554,   463
555,   465
556,   467
557,   469
558,   471
559,   473
560,   475
561,   477
562,   479
563,   481
564,   483
565,   485
566,   487
567,   489
568,   491
569,   493
570,   495
571,   496
572,   498
573,   500
574,   502
575,   504
576,   506
577,   508
578,   510
579,   512
580,   514
581,   516
582,   518
583,   520
584,   522
585,   524
586,   526
587,   528
588,   530
589,   532
590,   534
591,   536
592,   538
593,   540
594,   542
595,   544
596,   546
597,   548
598,   550
599,   552
600,   554
601,   556
602,   558
603,   560
604,   562
605,   564
606,   566
607,   568
608,   570
609,   572
610,   574
611,   576
612,   578
613,   580
614,   582
615,   584
616,   586
617,   588
618,   590
619,   592
620,   594
621,   595
622,   597
623,   599
624,   601
625,   603
626,   605
627,   607
628,   609
629,   611
630,   613
631,   615
632,   617
633,   619
634,   621
635,   623
636,   625
637,   627
638,   629
639,   631
