  0,    70
  1,    70
  2,    69
  3,    69
  4,    69
  5,    69
  6,    68
  7,    68
  8,    68
  9,    68
 10,    68
 11,    67
 12,    67
 13,    67
 14,    67
 15,    66
 16,    66
 17,    66
 18,    66
 19,    65
 20,    65
 21,    65
 22,    65
 23,    65
 24,    64
 25,    64
 26,    64
 27,    64
 28,    63
 29,    63
 30,    63
 31,    63
 32,    62
 33,    62
 34,    62
 35,    62
 36,    62
 37,    61
 38,    61
 39,    61
 40,    61
 41,    60
 42,    60
 43,    60
 44,    60
 45,    60
 46,    59
 47,    59
 48,    59
 49,    59
 50,    58
 51,    58
 52,    58
 53,    58
 54,    57
 55,    57
 56,    57
 57,    57
 58,    57
 59,    56
 60,    56
 61,    56
 62,    56
 63,    55
 64,    55
 65,    55
 66,    55
 67,    55
 68,    54
 69,    54
 70,    54
 71,    54
 72,    54
 73,    53
 74,    53
 75,    53
 76,    53
 77,    52
 78,    52
 79,    52
 80,    52
 81,    52
 82,    51
 83,    51
 84,    51
 85,    51
 86,    50
 87,    50
 88,    50
 89,    50
 90,    50
 91,    49
 92,    49
 93,    49
 94,    49
 95,    48
 96,    48
 97,    48
 98,    48
 99,    48
100,    47
101,    47
102,    47
103,    47
104,    47
105,    46
106,    46
107,    46
108,    46
109,    45
110,    45
111,    45
112,    45
113,    45
114,    44
115,    44
116,    44
117,    44
118,    43
119,    43
120,    43
121,    43
122,    43
123,    43
124,    43
125,    43
126,    43
127,    43
128,    43
129,    43
130,    43
131,    43
132,    43
133,    43
134,    43
135,    43
136,    43
137,    43
138,    43
139,    43
140,    43
141,    43
142,    43
143,    43
144,    43
145,    43
146,    43
147,    43
148,    43
149,    43
150,    43
151,    43
152,    43
153,    43
154,    43
155,    43
156,    43
157,    43
158,    43
159,    43
160,    43
161,    43
162,    43
163,    43
164,    43
165,    43
166,    43
167,    43
168,    43
169,    43
170,    43
171,    43
172,    43
173,    43
174,    43
175,    43
176,    43
177,    43
178,    43
179,    43
180,    43
181,    43
182,    43
183,    43
184,    43
185,    43
186,    43
187,    43
188,    43
189,    43
190,    43
191,    43
192,    43
193,    43
194,    43
195,    43
196,    43
197,    43
198,    43
199,    43
200,    43
201,    43
202,    43
203,    43
204,    43
205,    43
206,    43
207,    43
208,    43
209,    43
210,    43
211,    43
212,    43
213,    43
214,    43
215,    43
216,    43
217,    43
218,    43
219,    43
220,    43
221,    43
222,    43
223,    43
224,    43
225,    43
226,    43
227,    43
228,    43
229,    43
230,    43
231,    43
232,    43
233,    43
234,    43
235,    43
236,    43
237,    43
238,    43
239,    43
240,    43
241,    43
242,    43
243,    43
244,    43
245,    43
246,    43
247,    43
248,    43
249,    43
250,    43
251,    43
252,    43
253,    43
254,    43
255,    43
256,    43
257,    43
258,    43
259,    43
260,    43
261,    43
262,    43
263,    43
264,    43
265,    43
266,    43
267,    43
268,    43
269,    43
270,    43
271,    43
272,    43
273,    43
274,    43
275,    43
276,    43
277,    43
278,    43
279,    43
280,    43
281,    43
282,    43
283,    43
284,    43
285,    43
286,    43
287,    43
288,    43
289,    43
290,    43
291,    43
292,    43
293,    43
294,    43
295,    43
296,    43
297,    43
298,    43
299,    43
300,    43
301,    43
302,    43
303,    43
304,    43
305,    43
306,    43
307,    43
308,    43
309,    43
310,    43
311,    43
312,    43
313,    43
314,    43
315,    43
316,    43
317,    43
318,    43
319,    43
320,    43
321,    43
322,    43
323,    43
324,    43
325,    43
326,    43
327,    43
328,    43
329,    43
330,    43
331,    43
332,    43
333,    43
334,    43
335,    43
336,    43
337,    43
338,    43
339,    43
340,    43
341,    43
342,    43
343,    43
344,    43
345,    43
346,    43
347,    43
348,    43
349,    43
350,    43
351,    43
352,    43
353,    43
354,    43
355,    43
356,    43
357,    43
358,    43
359,    43
360,    43
361,    43
362,    43
363,    43
364,    43
365,    43
366,    43
367,    43
368,    43
369,    43
370,    43
371,    43
372,    43
373,    43
374,    43
375,    43
376,    43
377,    43
378,    43
379,    43
380,    43
381,    43
382,    43
383,    43
384,    43
385,    43
386,    43
387,    43
388,    43
389,    43
390,    43
391,    43
392,    43
393,    43
394,    43
395,    43
396,    43
397,    43
398,    43
399,    43
400,    43
401,    43
402,    43
403,    43
404,    43
405,    43
406,    43
407,    43
408,    43
409,    43
410,    43
411,    43
412,    43
413,    43
414,    43
415,    43
416,    43
417,    43
418,    43
419,    43
420,    43
421,    43
422,    43
423,    43
424,    43
425,    43
426,    43
427,    43
428,    43
429,    43
430,    43
431,    43
432,    43
433,    43
434,    43
435,    43
436,    43
437,    43
438,    43
439,    43
440,    43
441,    43
442,   240
443,   242
444,   244
445,   246
446,   247
447,   249
448,   251
449,   253
450,   255
451,   257
452,   259
453,   261
454,   263
455,   265
456,   267
457,   269
458,   271
459,   273
460,   275
461,   277
462,   279
463,   281
464,   283
465,   284
466,   286
467,   288
468,   290
469,   292
470,   294
471,   296
472,   298
473,   300
474,   302
475,   304
476,   306
477,   308
478,   310
479,   312
480,   314
481,   316
482,   317
483,   319
484,   321
485,   323
486,   325
487,   327
488,   329
489,   331
490,   333
491,   335
492,   337
493,   339
494,   341
495,   343
496,   345
497,   347
498,   349
499,   351
500,   352
501,   354
502,   356
503,   358
504,   360
505,   362
506,   364
507,   366
508,   368
509,   370
510,   372
511,   374
512,   376
513,   378
514,   380
515,   382
516,   384
517,   385
518,   387
519,   389
520,   391
521,   393
522,   395
523,   397
524,   399
525,   401
526,   403
527,   405
528,   407
529,   409
530,   411
531,   413
532,   415
533,   417
534,   419
535,   421
536,   423
537,   424
538,   426
539,   428
540,   430
541,   432
542,   434
543,   436
544,   438
545,   440
546,   442
547,   444
548,   446
549,   448
550,   450
551,   452
552,   454
553,   456
554,   458
555,   460
556,   462
557,   464
558,   466
559,   468
560,   470
561,   472
562,   474
563,   476
564,   478
565,   480
566,   482
567,   484
568,   486
569,   487
570,   489
571,   491
572,   493
573,   495
574,   497
575,   499
576,   501
577,   503
578,   505
579,   507
580,   509
581,   511
582,   513
583,   515
584,   517
585,   519
586,   521
587,   523
588,   525
589,   527
590,   529
591,   531
592,   534
593,   536
594,   538
595,   540
596,   542
597,   544
598,   546
599,   548
600,   550
601,   552
602,   554
603,   556
604,   558
605,   560
606,   562
607,   564
608,   566
609,   568
610,   570
611,   572
612,   574
613,   576
614,   578
615,   581
616,   583
617,   585
618,   587
619,   589
620,   591
621,   593
622,   595
623,   597
624,   599
625,   601
626,   603
627,   606
628,   608
629,   610
630,   612
631,   614
632,   616
633,   618
634,   620
635,   622
636,   625
637,   627
638,   629
639,   631
