player.x     = 3.150791
player.y     = 5.738585
player.a     = 264.799469
player.cos_a = -0.090642
player.sin_a = 0.995884
Col Dist    Height
000. 4.011097 24
001. 4.022143 24
002. 4.033250 24
003. 4.044419 24
004. 4.055649 24
005. 4.066942 24
006. 4.078298 24
007. 4.089718 24
008. 4.101202 24
009. 4.112750 24
010. 4.124364 24
011. 4.136043 24
012. 4.147789 24
013. 4.159602 24
014. 4.171482 23
015. 4.183430 23
016. 4.195447 23
017. 4.207533 23
018. 4.219689 23
019. 4.231916 23
020. 4.244213 23
021. 4.256582 23
022. 4.269024 23
023. 4.281538 23
024. 4.294126 23
025. 4.306788 23
026. 4.319525 23
027. 4.332338 23
028. 4.345227 23
029. 4.358193 22
030. 4.371236 22
031. 4.384358 22
032. 4.397559 22
033. 4.410839 22
034. 4.424200 22
035. 4.437642 22
036. 4.451166 22
037. 4.464773 22
038. 4.478463 22
039. 4.492238 22
040. 4.506097 22
041. 4.520042 22
042. 4.534074 22
043. 4.548193 21
044. 4.562401 21
045. 4.576697 21
046. 4.591083 21
047. 4.605560 21
048. 4.620129 21
049. 4.634790 21
050. 4.649544 21
051. 4.664393 21
052. 4.679337 21
053. 4.694377 21
054. 4.709514 21
055. 4.724748 21
056. 4.740082 21
057. 4.755516 21
058. 4.771050 20
059. 4.786686 20
060. 4.802425 20
061. 4.818268 20
062. 4.834216 20
063. 4.850269 20
064. 4.866430 20
065. 4.882698 20
066. 4.899076 20
067. 4.915564 20
068. 4.932164 20
069. 4.948876 20
070. 4.965701 20
071. 4.982641 20
072. 4.999698 20
073. 5.016871 19
074. 5.034163 19
075. 5.051574 19
076. 5.069107 19
077. 5.086761 19
078. 5.104539 19
079. 5.122442 19
080. 5.140470 19
081. 5.158626 19
082. 5.176911 19
083. 5.195325 19
084. 5.213872 19
085. 5.232551 19
086. 5.251364 19
087. 5.270313 18
088. 5.289400 18
089. 5.308625 18
090. 5.327990 18
091. 5.347497 18
092. 5.367148 18
093. 5.386943 18
094. 5.406886 18
095. 5.426976 18
096. 5.447216 18
097. 5.467608 18
098. 5.488153 18
099. 5.508853 18
100. 5.529709 18
101. 5.550724 18
102. 5.571900 17
103. 5.593238 17
104. 5.614739 17
105. 5.636407 17
106. 5.658243 17
107. 5.680248 17
108. 5.702425 17
109. 5.724777 17
110. 5.747304 17
111. 5.770009 17
112. 5.792894 17
113. 5.815961 17
114. 5.839213 17
115. 5.862651 17
116. 5.886279 16
117. 5.910097 16
118. 5.934110 16
119. 5.958318 16
120. 5.982724 16
121. 6.007331 16
122. 6.032142 16
123. 6.057158 16
124. 6.082383 16
125. 6.107818 16
126. 6.133467 16
127. 6.159333 16
128. 6.185417 16
129. 6.211724 16
130. 6.238255 16
131. 6.265014 15
132. 6.292003 15
133. 6.319226 15
134. 6.346685 15
135. 6.374385 15
136. 6.402327 15
137. 6.430515 15
138. 6.458952 15
139. 6.487642 15
140. 6.516588 15
141. 6.545793 15
142. 6.575262 15
143. 6.604997 15
144. 6.635002 15
145. 6.665281 15
146. 6.695837 14
147. 6.726675 14
148. 6.757799 14
149. 6.789212 14
150. 6.820918 14
151. 6.852921 14
152. 6.885227 14
153. 6.917838 14
154. 6.950760 14
155. 6.983997 14
156. 7.017553 14
157. 7.051433 14
158. 7.085642 14
159. 7.120184 14
160. 7.155065 13
161. 7.190289 13
162. 7.225862 13
163. 7.261788 13
164. 7.298074 13
165. 7.334724 13
166. 7.371743 13
167. 7.409139 13
168. 7.446916 13
169. 7.485080 13
170. 7.523637 13
171. 7.562593 13
172. -1.032828 -96
173. -1.032629 -96
174. -1.032430 -96
175. -1.032230 -96
176. -1.032031 -96
177. -1.031832 -96
178. -1.031633 -96
179. -1.031434 -96
180. -1.031235 -96
181. -1.031037 -96
182. -1.030838 -97
183. -1.030639 -97
184. -1.030441 -97
185. -1.030242 -97
186. -1.030044 -97
187. -1.029846 -97
188. -1.029647 -97
189. -1.029449 -97
190. -1.029251 -97
191. -1.029053 -97
192. -1.028855 -97
193. -1.028657 -97
194. -1.028460 -97
195. -1.028262 -97
196. -1.028064 -97
197. -1.027867 -97
198. -1.027669 -97
199. -1.027472 -97
200. -1.027274 -97
201. -1.027077 -97
202. -1.026880 -97
203. -1.026683 -97
204. -1.026486 -97
205. -1.026289 -97
206. -1.026092 -97
207. -1.025895 -97
208. -1.025699 -97
209. -1.025502 -97
210. -1.025305 -97
211. -1.025109 -97
212. -1.024912 -97
213. -1.024716 -97
214. -1.024520 -97
215. -1.024324 -97
216. -1.024128 -97
217. -1.023932 -97
218. -1.023736 -97
219. -1.023540 -97
220. -1.023344 -97
221. -1.023148 -97
222. -1.022952 -97
223. -1.022757 -97
224. -1.022561 -97
225. -1.022366 -97
226. -1.022171 -97
227. -1.021975 -97
228. -1.021780 -97
229. -1.021585 -97
230. -1.021390 -97
231. -1.021195 -97
232. -1.021000 -97
233. -1.020805 -97
234. -1.020610 -97
235. -1.020416 -97
236. -1.020221 -98
237. -1.020026 -98
238. -1.019832 -98
239. -1.019638 -98
240. -1.019443 -98
241. -1.019249 -98
242. -1.019055 -98
243. -1.018861 -98
244. -1.018667 -98
245. -1.018473 -98
246. -1.018279 -98
247. -1.018085 -98
248. -1.017891 -98
249. -1.017698 -98
250. -1.017504 -98
251. -1.017310 -98
252. -1.017117 -98
253. -1.016924 -98
254. -1.016730 -98
255. -1.016537 -98
256. -1.016344 -98
257. -1.016151 -98
258. -1.015958 -98
259. -1.015765 -98
260. 0.000000 0
261. 0.000000 0
262. 0.000000 0
263. 0.000000 0
264. 0.000000 0
265. 0.000000 0
266. 0.000000 0
267. 0.000000 0
268. 0.000000 0
269. 0.000000 0
270. 0.000000 0
271. 0.000000 0
272. 0.000000 0
273. 0.000000 0
274. 0.000000 0
275. 0.000000 0
276. 0.000000 0
277. 0.000000 0
278. 0.000000 0
279. 0.000000 0
280. 0.000000 0
281. 0.000000 0
282. 0.000000 0
283. 0.000000 0
284. 0.000000 0
285. 0.000000 0
286. 0.000000 0
287. 0.000000 0
288. 0.000000 0
289. 0.000000 0
290. 0.000000 0
291. 0.000000 0
292. 0.000000 0
293. 0.000000 0
294. 0.000000 0
295. 0.000000 0
296. 0.000000 0
297. 0.000000 0
298. 0.000000 0
299. 0.000000 0
300. 0.000000 0
301. 0.000000 0
302. 0.000000 0
303. 0.000000 0
304. 0.000000 0
305. 0.000000 0
306. 0.000000 0
307. 0.000000 0
308. 0.000000 0
309. 0.000000 0
310. 0.000000 0
311. 0.000000 0
312. 0.000000 0
313. 0.000000 0
314. 0.000000 0
315. 0.000000 0
316. 0.000000 0
317. 0.000000 0
318. 0.000000 0
319. 0.000000 0
320. 0.000000 0
321. 0.000000 0
322. 0.000000 0
323. 0.000000 0
324. 0.000000 0
325. 0.000000 0
326. 0.000000 0
327. 0.000000 0
328. 0.000000 0
329. 0.000000 0
330. 0.000000 0
331. 0.000000 0
332. 0.000000 0
333. 0.000000 0
334. 0.000000 0
335. 0.000000 0
336. 0.000000 0
337. 0.000000 0
338. 0.000000 0
339. 0.000000 0
340. 0.000000 0
341. 0.000000 0
342. 0.000000 0
343. 0.000000 0
344. 0.000000 0
345. 0.000000 0
346. 0.000000 0
347. 0.000000 0
348. 0.000000 0
349. 0.000000 0
350. 0.000000 0
351. 0.998324 100
352. 0.998138 100
353. 0.997951 100
354. 0.997765 100
355. 0.997579 100
356. 0.997393 100
357. 0.997207 100
358. 0.997021 100
359. 0.996835 100
360. 0.996650 100
361. 0.996464 100
362. 0.996278 100
363. 0.996093 100
364. 0.995908 100
365. 0.000000 0
366. 0.000000 0
367. 0.000000 0
368. 0.000000 0
369. 0.000000 0
370. 0.000000 0
371. 0.000000 0
372. 0.000000 0
373. 0.000000 0
374. 0.000000 0
375. 0.000000 0
376. 0.000000 0
377. 0.000000 0
378. 0.000000 0
379. 0.000000 0
380. 0.000000 0
381. 0.000000 0
382. 0.000000 0
383. 0.000000 0
384. 0.000000 0
385. 0.000000 0
386. 0.000000 0
387. 0.000000 0
388. 0.000000 0
389. 0.000000 0
390. 0.000000 0
391. 0.000000 0
392. 0.000000 0
393. 0.000000 0
394. 0.000000 0
395. 0.000000 0
396. 0.000000 0
397. 0.000000 0
398. 0.000000 0
399. 0.000000 0
400. 0.000000 0
401. 0.000000 0
402. 0.000000 0
403. 0.000000 0
404. 0.000000 0
405. 0.000000 0
406. 0.000000 0
407. 0.000000 0
408. 0.000000 0
409. 0.000000 0
410. 0.000000 0
411. 0.000000 0
412. 0.000000 0
413. 0.000000 0
414. 0.000000 0
415. 0.000000 0
416. 0.000000 0
417. 0.000000 0
418. 0.000000 0
419. 0.000000 0
420. 0.000000 0
421. 0.000000 0
422. 0.000000 0
423. 0.000000 0
424. 0.000000 0
425. 0.000000 0
426. 0.000000 0
427. 0.000000 0
428. 0.000000 0
429. 0.000000 0
430. 0.000000 0
431. 0.000000 0
432. 0.000000 0
433. 0.000000 0
434. 0.000000 0
435. 0.000000 0
436. 0.000000 0
437. 0.000000 0
438. 0.000000 0
439. 0.000000 0
440. 0.000000 0
441. 0.000000 0
442. 0.000000 0
443. 0.000000 0
444. 0.000000 0
445. 0.981111 101
446. 0.980932 101
447. 0.980752 101
448. 0.980572 101
449. 0.980392 101
450. 0.980213 102
451. 0.980033 102
452. 0.979853 102
453. 0.979674 102
454. 0.979495 102
455. 0.979315 102
456. 0.979136 102
457. 0.978957 102
458. 0.978778 102
459. 0.978599 102
460. 0.978420 102
461. 0.978241 102
462. 0.978062 102
463. 0.977883 102
464. 0.977704 102
465. 0.977526 102
466. 0.977347 102
467. 0.977168 102
468. 0.976990 102
469. 0.976812 102
470. 0.976633 102
471. 0.976455 102
472. 0.976277 102
473. 0.976099 102
474. 0.975920 102
475. 0.975742 102
476. 0.975564 102
477. 0.975387 102
478. 0.975209 102
479. 0.975031 102
480. 0.974853 102
481. 0.974676 102
482. 0.974498 102
483. 0.974321 102
484. 0.974143 102
485. 0.973966 102
486. 0.973788 102
487. 0.973611 102
488. 0.973434 102
489. 0.973257 102
490. 0.973080 102
491. 0.972903 102
492. 0.972726 102
493. 0.972549 102
494. 0.972372 102
495. 0.972196 102
496. 0.972019 102
497. 0.971842 102
498. 0.971666 102
499. 0.971489 102
500. 0.971313 102
501. 0.971137 102
502. 0.970960 102
503. 0.970784 103
504. 0.970608 103
505. 0.970432 103
506. 0.970256 103
507. 0.970080 103
508. 0.969904 103
509. 0.969728 103
510. 0.969552 103
511. 0.969377 103
512. 0.969201 103
513. 0.969025 103
514. 0.968850 103
515. 0.968674 103
516. 0.968499 103
517. 0.968324 103
518. 0.968148 103
519. 0.967973 103
520. 0.967798 103
521. 0.967623 103
522. 0.967448 103
523. 0.967273 103
524. 0.967098 103
525. 0.966923 103
526. 0.966749 103
527. 0.966574 103
528. 0.966399 103
529. 0.966225 103
530. 0.966050 103
531. 0.965876 103
532. 0.965701 103
533. 0.965527 103
534. 0.965353 103
535. 0.965179 103
536. 0.965005 103
537. 0.964831 103
538. 0.964657 103
539. 0.964483 103
540. 0.964309 103
541. 0.964135 103
542. 1.927922 51
543. 1.927575 51
544. 1.927228 51
545. 1.926881 51
546. 1.926534 51
547. 1.926187 51
548. 1.925840 51
549. 1.925493 51
550. 1.925147 51
551. 1.924800 51
552. 1.924454 51
553. 1.924108 51
554. 1.923762 51
555. 1.923416 51
556. 1.923070 52
557. 1.922725 52
558. 1.922379 52
559. 1.922034 52
560. 1.921689 52
561. 1.921344 52
562. 1.920999 52
563. 1.920654 52
564. 1.920309 52
565. 1.919964 52
566. 1.919620 52
567. 1.919275 52
568. 1.918931 52
569. 1.918587 52
570. 1.918243 52
571. 1.917899 52
572. 1.917555 52
573. 1.917212 52
574. 1.916868 52
575. 1.916525 52
576. 1.916182 52
577. 1.915838 52
578. 1.915495 52
579. 1.915152 52
580. 1.914810 52
581. 1.914467 52
582. 1.914124 52
583. 1.913782 52
584. 1.913440 52
585. 1.913098 52
586. 1.912756 52
587. 1.912414 52
588. 1.912072 52
589. 1.911730 52
590. 1.911389 52
591. 1.911047 52
592. 1.910706 52
593. 1.910365 52
594. 1.910024 52
595. 1.909683 52
596. 1.909342 52
597. 1.909001 52
598. 1.908660 52
599. 1.908320 52
600. 1.907980 52
601. 1.907639 52
602. 1.907299 52
603. 1.906959 52
604. 1.906619 52
605. 1.906280 52
606. 1.905940 52
607. 1.905601 52
608. 1.905261 52
609. 1.904922 52
610. 1.904583 52
611. 1.904244 52
612. 1.903905 52
613. 1.903566 52
614. 1.903228 52
615. 1.902889 52
616. 1.902551 52
617. 1.902212 52
618. 1.901874 52
619. 1.901536 52
620. 1.901198 52
621. 1.900860 52
622. 1.900523 52
623. 1.900185 52
624. 1.899848 52
625. 1.899510 52
626. 1.899173 52
627. 1.898836 52
628. 1.898499 52
629. 1.898162 52
630. 1.897825 52
631. 1.897489 52
632. 1.897152 52
633. 1.896816 52
634. 1.896480 52
635. 1.896144 52
636. 1.895808 52
637. 1.895472 52
638. 1.895136 52
639. 1.894800 52
